cod crimnl->  code criminal->  {1, 1027, 4, 1169, 2068, 1562, 1311, 1189, 1835, 1710, 1595, 1596, 63, 589, 1370, 2269, 2271, 2016, 1762, 1123, 2018, 2019, 1511, 2034, 887, 2173}

stat governm->  state government->  {1025, 1026, 1027, 1028, 7, 1032, 1034, 1035, 2060, 527, 528, 2067, 532, 22, 538, 539, 27, 541, 542, 1055, 31, 1056, 546, 2076, 2077, 2078, 2081, 2082, 570, 571, 1091, 70, 71, 74, 76, 77, 78, 591, 80, 85, 91, 100, 1636, 111, 1652, 1653, 118, 120, 126, 127, 128, 129, 130, 131, 2176, 133, 1670, 1673, 1674, 139, 141, 142, 653, 144, 145, 1680, 1682, 1677, 1678, 150, 153, 159, 163, 164, 165, 1562, 1716, 708, 198, 200, 202, 718, 2256, 2262, 734, 1766, 239, 1779, 1785, 1786, 764, 254, 767, 770, 772, 773, 276, 279, 295, 1320, 814, 821, 313, 830, 1857, 834, 1858, 836, 841, 843, 1867, 336, 1367, 1375, 1376, 1377, 356, 1893, 1385, 1390, 1432, 922, 933, 934, 941, 430, 1454, 1456, 948, 949, 441, 442, 960, 1472, 1494, 983, 2015, 486, 1514, 1518, 2031}

non bailabl->  non bailable->  {387, 2085, 2088, 1866, 10, 236, 237, 1868, 2091, 2098, 403, 2099, 309, 2104, 1692, 287}

bailabl offnc->  bailable offence->  {387, 287, 2085, 2088, 1866, 10, 236, 237, 1868, 911, 2091, 2098, 403, 2099, 309, 2104, 1692, 2110, 1919}

congizabl offnc->  cognizable offence->  {1792, 1539, 1027, 1540, 1030, 259, 263, 1033, 2185, 265, 12, 13, 1037, 909, 911, 1553, 1046, 24, 1048, 1049, 1051, 1052, 2201, 283, 287, 922, 289, 1058, 1059, 803, 1061, 804, 805, 806, 1065, 2090, 1705, 1069, 2221, 1710, 2222, 2224, 814, 819, 821, 1078, 824, 1593, 952, 1339, 2110, 830, 1089, 2245, 1225, 1866, 1868, 592, 1109, 1110, 984, 995, 996, 1000, 1001, 1003, 1004, 879, 884, 1270, 247, 248, 1534}

unon territri->  union territories->  {1228, 17, 18, 1428, 1052, 1596}

public prosctor->  public prosecutor->  {1544, 138, 139, 140, 141, 142, 143, 144, 145, 147, 148, 149, 150, 151, 152, 153, 154, 155, 1052, 1054, 33, 163, 164, 166, 2087, 2090, 1201, 1596, 1344, 1345, 1346, 1858, 1984, 1349, 1605, 1863, 2114, 1866, 1867, 1869, 1360, 1106, 1505, 1506, 1507, 1509, 1898, 1915}

